#Transcript position	Transcript coverage profile
0.0	58155.75144113078
1.0	62908.461864275414
2.0	68668.25139917948
3.0	73590.53476223459
4.0	80159.89009074979
5.0	86168.80854037442
6.0	92085.84938714321
7.0	97876.1306713956
8.0	102284.35480680598
9.0	108616.85234831207
10.0	115170.19985698242
11.0	118991.58779004644
12.0	121676.23139707008
13.0	124383.72498163719
14.0	126303.35668179038
15.0	128410.13400075679
16.0	129438.86191085767
17.0	131263.00089921412
18.0	132661.89678679724
19.0	134675.27989315946
20.0	136469.705979261
21.0	138233.90711066168
22.0	139542.7843856612
23.0	142407.143669778
24.0	142716.45683929836
25.0	141333.05193412869
26.0	142032.43944654352
27.0	141791.91389633823
28.0	143866.77712253324
29.0	143817.77596900574
30.0	144697.06798498577
31.0	145703.71404138493
32.0	147633.02078631383
33.0	148404.97478177404
34.0	148865.1164642474
35.0	149020.99430611994
36.0	151124.36371536352
37.0	150822.112713287
38.0	150343.70028343474
39.0	151815.16232024189
40.0	153757.80333811775
41.0	154148.68435863694
42.0	155302.9851421936
43.0	155146.84689252294
44.0	153737.74937216617
45.0	154324.74959287184
46.0	154125.62649373844
47.0	153034.67358661673
48.0	155674.237512456
49.0	157111.7321788118
50.0	155615.1132137762
51.0	152268.07473594497
52.0	151990.8505640005
53.0	151960.06898816378
54.0	152223.8449429336
55.0	151842.32454627566
56.0	149492.71333991742
57.0	148654.7519833878
58.0	148939.51259689065
59.0	148422.80600527392
60.0	148731.65966844346
61.0	149154.4665969378
62.0	150150.39076684183
63.0	149810.82889764098
64.0	147771.93822777495
65.0	143316.02925652897
66.0	140459.86471264868
67.0	140269.28351085386
68.0	141471.64083183583
69.0	141370.87108641453
70.0	142217.41982852208
71.0	141049.80341881723
72.0	142996.75782876555
73.0	147692.6217923084
74.0	149897.24363010825
75.0	149884.9688692347
76.0	151041.99909936823
77.0	149589.8935586182
78.0	147868.38936200723
79.0	146307.20661514683
80.0	145191.88915227453
81.0	143757.10732443698
82.0	141273.14605449207
83.0	139126.98138816602
84.0	135501.85957143022
85.0	133023.15856978213
86.0	129592.86404176697
87.0	129551.96304815613
88.0	126930.93780381366
89.0	122177.84136184849
90.0	115529.06589858815
91.0	110517.55502938468
92.0	101624.78145446468
93.0	93477.36953665355
94.0	85121.68151920041
95.0	74505.09126073263
96.0	62131.61569855496
97.0	45712.607952457176
98.0	27940.690329489247
99.0	9190.817277907949
